12550
4970
4971
2397
2396
1064
8097
1061
1060
2391
2390
11867
3638
2306
3639
12438
12439
2303
2302
2388
1056
12432
4961
3630
12433
3631
12430
4964
12431
12436
4965
3634
12437
4966
3635
2309
12434
4967
3636
2308
12435
4968
3637
12440
4981
4982
2320
1075
1074
1073
1072
1071
1070
12449
2315
1069
1068
2398
1067
2310
12443
4972
12444
12441
4974
12442
12563
4975
12447
4976
4977
12448
4978
12445
4979
12446
1080
4991
9800
4992
4993
3662
2331
1000
1088
4983
4984
4985
4986
4987
4988
3658
4989
1011
1010
1008
1007
1006
1005
2335
1004
3663
4995
3664
3665
4996
4998
4999
1009
3681
3682
3683
3684
1016
1015
2346
1014
1013
1012
12597
3675
3676
3679
3695
2362
2359
2358
2357
2355
2354
1144
3687
3689
1044
1043
1042
2373
1041
2372
2370
1039
1038
2368
3696
3697
5650
1055
2385
1053
1051
2381
1050
2379
1047
1046
1045