4970
4971
3638
2306
3639
2303
2302
3630
4961
3631
4964
3634
4965
3635
4966
2309
2308
3636
4967
3637
4968
4981
4982
2320
2315
2310
4972
4974
4975
4976
4977
4978
4979
4991
4992
4993
3662
2331
1000
4983
4984
4985
4986
4987
4988
3658
4989
1011
1010
1008
1007
1006
1005
2335
1004
3663
3664
4995
3665
4996
4998
4999
1009
3681
3682
3683
3684
1016
1015
2346
1014
1013
1012
3675
3676
3679
3695
2362
2359
2358
2357
2355
2354
3687
3689
1044
1043
1042
2373
1041
2372
2370
1039
1038
2368
3696
3697
1055
2385
1053
1051
1050
2381
2379
1047
1046
1045
2397
2396
1064
1061
1060
2391
2390
12438
12439
2388
1056
12432
12433
12430
12431
12436
12437
12434
12435
12440
1075
1074
1073
1072
1071
1070
12449
1069
1068
1067
2398
12443
12444
12441
12442
12447
12448
12445
12446
1080
9800
1088
1087
1086
1085
1084
1083
1082
1081
12418
12419
12416
12417
1079
1078
12410
12411
12414
12415
12412
12413
1091
9810
1098
1097
1096
1094
1093
1092
12429
9809
12427
12428
1089
9803
12421
12422
12420
12425
12426
12423
12424
9820
9814
9813
8502
9830
9831
8500
12407
12408
12405
200
12406
201
202
203
12409
204
205
206
12400
208
9824
209
9829
12403
12404
12401
12402
8512
8513
8510
8511
210
211
212
213
214
215
216
9836
217
218
9834
219
8503
8504
8509
8508
8520
9851
8524
8521
9853
8522
220
221
223
225
227
9847
8516
228
9848
229
8517
8514
9849
8518
9861
8530
12391
12392
7200
12390
9865
7202
12395
7201
12396
12393
8532
7204
8533
7203
12394
230
231
232
233
234
235
236
237
238
12399
8527
239
8528
12397
9857
12398
8526
8529
9872
11070
7211
9871
7210
8540
8545
7213
7212
8543
7215
9875
7214
240
241
242
243
244
245
246
247
248
249
8538
7206
7205
8539
7208
8537
7207
7209
7220
9884
12370
7222
8550
9882
7221
8556
12373
7224
11041
12374
11040
9888
9885
12371
11043
12372
11042
7225
9880
250
251
252
253
254
256
259
7217
11045
12377
11044
7216
12378
12375
7219
8547
9879
8548
7218
11046
12376
12379
7231
12380
7230
12381
7233
12384
9898
7235
7234
12385
7237
12382
7236
12383
9890
260
9891
261
262
263
265
266
267
268
269
12388
12389
7227
12386
12387
7229
7242
7241
7244
7243
12351
7246
12352
7245
7248
11021
12350
7247
11020
270
272
273
274
275
277
278
279
12355
11023
7239
12356
7238
11022
12353
11024
12354
12359
11026
12357
11029
12358
11028
12362
11030
12363
12360
8587
11032
12361
11031
280
281
8581
282
7250
286
287
288
289
12366
12367
11033
7249
12364
11036
12365
11035
11037
12368
12369
11039
12330
290
294
296
298
12339
299
12333
12334
12331
12332
12337
12338
12335
12336
12340
12341
11010
11019
12344
11012
12345
12342
11014
12343
11013
12348
11016
12349
12346
11018
12347
11017
7288
7287
7289
7297
7296
7299
7298
7291
7290
7293
7292
7295
7294
3704
3705
3706
3707
3708
3709
3700
3702
3718
3719
3710
3711
3713
3726
3729
3722
3724
3725
11081
11080
3738
3739
2403
3730
3731
3732
3734
3735
3750
3749
2411
3743
3746
3761
2430
3759
2423
2420
3751
3752
3754
3757
3758
1110
2440
1107
1106
2437
1105
1104
1103
1101
1100
2431
3762
3765
3766
3767
1109
3768
1108
3769
3781
3782
1120
2451
2448
1116
2446
1112
1111
3773
3775
3776
3777
3778
3779
1119
3790
1132
2463
1131
1130
1129
1128
1127
1126
1124
1123
2454
1122
3784
3787
3788
1143
2474
1142
2471
1139
1138
1135
1134
1133
3795
3797
3798
1153
1152
1151
1149
1147
1145
2476
1144
2496
1164
2494
1162
2492
1161
1160
1159
2489
1158
1157
1156
1155
1176
1175
1173
1172
1171
1170
1169
1168
1167
12550
1186
1185
1184
1183
1182
1180
12559
1179
1177
12553
12554
12551
12552
12557
11224
12558
12555
12556
1190
12560
12561
1198
1197
1196
1195
1194
1192
1189
1188
12564
9903
12565
12562
9901
12563
12568
9907
12569
12566
9905
12567
9920
12539
9919
12537
12538
12531
12532
9911
12530
12535
12536
12533
9916
12534
9930
12548
12549
302
303
304
12542
305
9925
12543
306
12540
307
12541
308
12546
309
12547
12544
12545
9940
12517
12518
12515
310
12516
311
312
313
12519
314
315
9935
316
9936
12510
317
9933
318
9934
319
12513
12514
9937
12511
9938
12512
9953
9954
9951
12528
12529
320
12526
321
12527
322
323
324
325
326
9946
12520
327
12521
328
8613
329
9945
12524
12525
9948
12522
9949
12523
9961
7301
9965
7300
9962
7303
7302
330
331
332
334
335
336
337
9957
338
339
9958
7310
9970
7312
7311
8645
9973
340
12506
341
12507
342
12504
343
12505
344
345
346
12508
347
12509
348
9968
7305
349
7304
7307
7306
12502
7309
12503
7308
12500
12501
9982
7321
9981
7320
7323
7322
7325
11185
7324
350
351
352
353
354
356
357
358
8648
8646
7317
8647
7319
7330
9991
7332
6001
6000
7331
8666
6003
7333
6005
7336
6004
7335
360
361
362
363
364
365
366
367
368
369
7327
7329
12490
6010
7341
12491
7340
7343
6012
6011
7342
12494
6014
7345
12495
6013
12492
7347
12493
7346
6015
370
371
372
373
374
375
376
377
379
12498
6007
7338
12499
7337
12496
6009
12497
6008
7339
6021
7352
7351
6020
6023
7354
6022
6025
7356
6024
7355
6027
7358
7357
380
382
7350
383
384
385
386
387
388
389
7349
7348
6017
6032
7363
7362
6034
7365
6033
12472
6036
7367
12473
7366
6035
12470
6038
12471
7368
390
391
393
6030
7361
394
395
7360
396
397
398
12476
6029
12477
6028
7359
12474
12475
12478
12479
7374
12480
6042
7373
7375
12483
6047
7378
12484
12481
12482
7379
12487
12488
6039
12485
12486
12489
7385
7384
6053
6056
7387
6055
12450
12451
6057
6059
7381
7380
6052
6051
12454
12455
12452
12453
12458
12459
12456
12457
7396
6064
7395
7398
6066
7397
12461
12462
6068
7399
12460
6060
6063
7394
6062
12465
12466
12463
12464
12469
12467
12468
6076
6073
6086
6085
3803
3804
3806
3809
3800
3801
3802
6098
6097
6099
6093
6096
6095
3814
3815
3816
3818
3819
3810
3825
3826
3827
3828
3829
3821
3822
3824
3836
3838
2501
3839
2500
2509
3831
3833
3834
3847
3848
2513
3849
3840
3841
3842
2519
3843
3844
2518
3845
3846
3860
2526
3858
3859
2520
3850
3851
3852
3853
3854
3855
2529
3857
3870
1206
3869
1205
1204
1203
1202
1200
3861
3862
3863
3864
3865
1209
1208
3867
3868
3880
3881
3882
1220
1217
1216
1215
2546
2544
1213
1212
1211
1210
3872
3873
3874
3875
3876
3877
3878
1218
2549
3890
3891
3892
3893
1231
1230
2560
12605
12606
1227
12603
12604
2556
1225
12609
1224
1223
12607
1222
12608
1221
3883
3884
3885
3886
12601
3887
12602
3888
12600
1229
1242
1241
2572
2571
1240
1239
1238
1236
1235
1234
2565
1232
3894
3895
3897
3898
3899
1253
1251
1250
1248
2579
1247
1246
1245
1244
1243
1262
2593
1259
2589
1258
1256
1255
1254
1272
1269
1267
2598
1266
1285
1284
1282
1281
1278
1297
1296
1295
1294
1293
1291
1290
1289
1288
1287
1299
10017
10016
10020
400
401
402
403
404
405
10024
406
10023
10026
408
409
411
412
413
414
415
416
417
418
419
8705
10007
420
421
423
424
425
10000
428
429
10006
8732
7400
8733
7402
430
431
432
433
435
436
438
11300
439
8724
11301
7410
440
442
443
444
445
446
447
448
7404
7403
449
7408
7407
7409
7420
7421
450
451
452
453
454
455
456
457
458
7415
459
7414
7416
6100
7431
7430
7433
7432
6101
6104
7435
8764
7434
460
461
462
463
464
465
466
467
468
469
8758
7426
7425
7429
7440
7442
7441
7444
7443
7446
470
471
472
474
475
476
478
6106
7437
6105
7436
7439
7438
6120
6122
7453
7455
6123
8786
7456
480
481
482
483
484
485
486
487
488
489
6117
6116
7447
8778
6119
8779
6118
6131
6130
8792
6133
7466
6135
8799
6136
492
493
494
495
496
498
499
6128
6142
6141
7472
7475
11294
7477
6145
7476
11296
6148
7479
11295
7478
7471
11298
6139
11297
6138
11299
7484
12590
7483
6155
7486
7485
12593
12594
6156
7487
12591
12592
7480
7481
6150
12597
12598
12595
12596
12599
6164
7497
11270
7499
6168
7498
7491
6161
7492
6174
6177
12571
6179
12572
12570
12575
12576
12573
12574
12579
12577
12578
6186
6185
12582
12583
6189
12580
12581
6180
6181
6183
3902
3903
3904
3905
3907
3908
3909
12586
12587
12584
12585
12588
3900
12589
3901
6199
6198
6194
3913
3914
3915
3916
3917
3918
3919
3910
3911
3912
3924
3927
3928
3929
3920
3921
3922
3935
3936
3937
2600
3938
3931
3932
3933
2604
3934
3946
3947
3948
2611
3949
3940
3943
3944
3945
3957
3958
3959
2621
3950
3951
3952
3953
2629
3954
3955
3956
1305
1304
1303
2634
2631
3960
3961
3962
3963
1309
3964
1307
1306
2637
1313
1312
1311
1319
1318
1317
3992
1330
2660
1326
1325
1324
1323
1322
1321
1320
1328
1341
1340
2670
2669
1338
2668
2667
1336
1335
1339
1352
1350
1349
1348
1345
1344
2673
1342
1361
1360
1359
1357
2686
1355
1374
1372
1367
1366
2697
1365
1364
1384
1382
1381
1378
1377
1375
1392
1391
1390
1389
1388
1387
1399
1398
1397
500
501
502
503
504
505
506
508
509
11461
11460
8808
510
512
513
11463
8802
514
11462
8803
11465
8800
516
11464
8801
517
11467
8806
11466
8807
8804
11469
8805
11468
11470
8821
11472
11471
520
521
522
523
524
11474
11473
11476
527
11475
528
11478
529
10146
11477
11479
7501
7500
8830
530
531
532
533
534
8824
536
538
8822
8823
11445
11444
11447
11446
8842
8843
7512
7511
11459
541
542
543
544
545
546
7503
547
7502
548
7505
7504
11456
7507
11455
11458
7509
11457
7508
7521
8851
7522
550
553
554
555
556
557
7514
558
7513
559
7516
7515
7518
7517
7519
7532
7531
7534
6202
560
10107
561
10106
562
10109
563
10108
11439
564
565
566
567
568
7525
569
7524
10101
10100
10103
10102
10104
7540
6212
7542
7545
7544
6213
570
571
572
573
575
576
578
579
7536
7537
7539
6221
7552
7551
7553
7556
6225
580
581
582
583
584
585
586
587
7547
7546
6218
7549
10091
7561
10090
10093
7563
10092
10095
6234
10094
6233
6236
7567
10097
10096
7566
590
591
592
593
594
595
596
597
599
6227
7557
6229
6228
7572
6240
7571
6242
7573
7578
7577
7570
7569
6237
6239
6252
7582
10070
6253
7584
7587
10074
7588
6250
7581
7580
10076
6248
10079
7594
7593
6265
6267
7598
6266
7597
10086
10085
7590
7592
10087
10089
6273
6276
6277
10052
6279
6272
6271
10055
10057
6285
6287
6286
10061
6288
6283
10066
10065
10068
10067
10069
6298
6299
6291
10032
11363
10036
10038
10042
10041
11376
2710
2729
2732
2731
1409
1408
1407
1406
1405
1415
1413
1411
2742
1410
1419
1417
2757
1425
1422
2752
1420
1429
1428
2758
2770
1437
1435
1433
1432
1431
1430
2769
1451
1450
2781
1448
1447
1446
1445
1444
1443
1442
1449
1462
1461
1460
1459
1458
1456
1455
1454
1453
1452
1473
1472
1471
1470
1469
1466
2797
1465
1464
1463
1484
1483
1482
1481
1480
1479
1477
1475
1474
1494
1493
1492
1491
1489
1486
1497
1496
600
601
602
604
605
606
607
608
609
610
611
612
613
614
615
616
617
618
619
620
621
622
623
624
625
627
628
8929
630
631
632
633
635
636
637
638
639
11590
7611
7610
7609
640
641
642
643
644
645
646
7602
8935
647
7601
648
10268
8952
7620
7621
650
652
653
654
655
657
658
659
7615
7616
7619
8960
7631
7630
7633
660
662
663
664
665
666
667
669
7623
7626
7625
7628
7627
7629
7642
7641
7644
8973
7643
670
671
10216
672
673
674
675
677
7635
679
7634
10210
7636
6308
7639
7638
10215
7651
6322
7653
7655
7654
681
682
10227
683
685
686
687
688
689
6315
7646
6314
7645
7647
10224
6319
6318
7662
5000
6330
6333
5001
7664
6332
5002
5003
7666
5004
690
691
692
694
696
698
699
7657
6325
6327
7658
6329
7671
6342
7673
5010
6341
5011
6344
5012
6343
7674
5013
6346
7677
5014
7676
5005
7667
6336
5006
6339
5007
8999
7669
5008
5009
7682
6350
7681
5020
5021
5022
6354
5024
5025
6356
7687
5026
7679
5016
7678
5017
5018
6349
5019
5030
7693
5031
6364
7695
5032
6363
7694
5033
6366
7697
5034
6365
5035
6368
7699
5036
7698
5037
7690
6359
5027
7689
5028
5029
5041
5042
6375
5043
6377
5045
6376
5046
6379
5047
6378
5048
6370
5040
5038
6369
5039
6384
5052
6383
5053
6386
5054
6385
5055
6388
5056
6387
5057
5058
6389
5059
6382
5050
6381
5051
5049
5063
5064
6397
5065
6396
5066
5067
6398
5068
5069
10173
6391
6390
6393
5061
10175
10178
10177
5074
5075
10181
5076
5077
5078
5079
10185
5070
5071
5072
5085
5086
5087
5088
11481
5089
11480
11482
5080
5081
5082
5084
2800
10154
10153
10155
2806
10158
2805
10157
2803
10159
2802
5096
5097
5098
5099
10161
10160
10162
5090
5091
5092
5093
5094
5095
2811
2810
2817
2813
2829
2824
1502
2832
1509
1507
1506
1505
2835
1513
1512
2843
1511
1510
1519
1515
1525
2856
1524
2854
1523
1522
1521
2850
1529
1528
1527
1536
1535
2865
1533
2863
1530
1539
2869
1537
1550
1547
1546
1545
1544
1541
1540
1548
2888
2887
1556
1555
1554
1553
1552
1551
1559
1572
1571
1570
2899
2898
1566
1565
2896
2895
1563
1562
1583
1582
1581
1579
1578
1576
1575
1573
1592
1591
1588
1586
1584
10301
700
701
702
704
705
706
707
708
709
711
712
713
714
715
716
717
718
719
720
721
722
723
724
725
726
727
728
729
730
731
732
733
734
735
736
737
738
7710
7709
7708
740
741
742
743
744
7701
745
7700
746
7703
747
748
7705
749
7704
7721
7720
7719
750
751
752
753
754
755
7712
756
7711
7714
758
10375
759
7713
7716
7715
7717
6401
7732
7731
760
761
762
763
764
765
766
7723
767
768
769
10386
10389
7727
7726
6410
7741
7740
7743
6411
7742
770
771
772
773
774
777
7734
778
6402
6407
7738
6408
7739
7750
6420
7754
6422
7753
781
782
783
784
786
787
788
6414
7745
789
7744
7747
6415
7746
6418
7749
7748
6419
7760
6432
5100
7762
5101
6434
7765
6433
5103
790
791
792
793
794
795
796
797
798
6425
7756
7755
6427
7758
6426
7757
7770
6441
7772
6440
7771
5110
6443
5111
6442
7773
5112
5113
7776
5114
7775
7767
5104
6435
7766
5105
7769
5106
7768
6437
5107
5108
6439
5109
6450
7781
6452
5120
6451
5121
7785
5122
7784
5123
6456
5124
6455
5125
6447
7778
5115
7777
5116
6449
5117
6448
5118
5119
6461
6460
7791
5130
6463
7794
5131
5132
6464
5134
6467
5135
6466
5136
7790
7789
6458
5126
7788
5127
5128
5129
5140
6471
5141
5142
6473
5143
6476
5144
5145
6478
5146
5147
6470
6469
5137
6468
5138
5139
6483
5152
6485
5153
6484
5154
5155
6486
5156
6489
5157
5158
6481
6480
5150
5148
6479
5149
6494
5162
5163
5165
6498
5166
5167
5168
5169
5160
6491
5161
5173
5174
5175
5177
5178
5179
5170
5171
5172
5184
5186
5187
5188
5189
2909
5180
5181
5182
5183
2900
10296
5195
5196
5197
5198
5190
5191
5192
5193
2910
2914
2912
2928
2925
1601
10285
1608
1607
1619
1615
1624
1620
1628
1627
1625
2965
1632
1631
1630
2961
1643
1642
1641
2972
1647
1653
1651
2982
2989
1671
2999
2995
2994
2993
2992
1690
1689
1688
1687
1698
1697
1696
1694
800
801
802
803
804
805
807
808
809
810
811
813
814
815
816
817
818
819
10403
820
821
822
823
824
825
826
827
828
829
11703
831
832
833
834
835
836
837
838
839
7808
7807
840
841
842
843
7800
844
845
7802
846
847
848
7804
7803
849
7806
7805
7820
7819
7818
850
851
853
854
855
7810
857
7813
858
859
7815
7814
7816
7831
7830
862
863
864
865
866
7822
7823
7826
7825
7828
7827
10491
7840
10490
10493
7842
10492
6510
7841
870
871
872
874
875
876
10495
7832
10497
6504
879
10496
6503
10499
6506
10498
6505
7836
6507
7838
6520
6522
6521
880
881
882
883
884
885
886
887
6513
888
7844
6512
889
7843
6515
7846
6514
7845
6517
6516
7862
6530
10471
5201
7864
10470
6532
7863
5202
890
891
892
893
894
895
896
897
898
10473
6524
899
6523
6526
6525
10477
6528
10479
10478
6540
7871
7870
10480
6542
5210
5211
7872
10482
6544
7875
10481
6543
5213
10484
6535
7866
5203
10483
5204
10486
6537
10485
5206
7867
10488
6539
5207
10487
5208
6538
7869
5209
10489
7880
7882
5220
6553
5221
7884
6552
5222
5223
7886
7885
5224
6554
10459
10458
5214
6545
7876
5215
5216
7879
10452
6547
7878
5217
5218
6560
7891
6562
7893
5230
6561
5231
7895
5232
6563
7894
5233
10460
6566
5234
7897
6565
7896
5235
10469
10462
5225
10461
6556
5226
10464
5227
10463
6558
7889
10466
5229
10465
10468
10467
6573
5241
6572
5242
5243
6575
5244
6574
6577
6576
10437
10436
10438
7899
5237
6567
5238
6582
5250
6581
5251
5253
6583
6586
5255
6587
10448
10447
10449
5247
6579
5248
5249
10446
6595
5263
5264
6597
5266
5268
6591
5260
6589
5274
5276
5277
5278
5279
5270
5269
5283
5284
5285
5286
5287
5289
5280
5281
5282
5294
5295
5296
5297
5298
5299
5290
5291
5292
5293
1700
1709
1708
1707
1706
1705
1702
10390
1711
1718
1715
1723
1727
1731
1730
1738
1745
1743
1780
1786
900
901
902
903
904
906
908
909
10536
11867
10535
11869
11868
910
911
11861
10530
11860
913
11863
11862
10531
915
916
10534
10533
917
11878
11877
11879
11870
921
11872
11871
11874
925
11873
926
11876
927
11875
928
929
10514
11845
10513
11844
10516
11847
10515
11846
11849
10517
11848
930
931
932
933
934
935
10510
11841
936
937
10512
11843
938
10511
11842
939
11856
7907
10525
11855
7906
11858
7909
11857
7908
10526
11859
940
941
942
943
944
11850
945
7901
7900
11852
947
7903
11851
7902
948
11854
7905
11853
7918
7917
7919
950
953
7910
954
955
956
7912
957
7911
7914
958
959
7913
7915
7930
10503
10502
7928
960
961
10509
963
965
7921
7920
7923
967
968
7922
7924
10501
10500
7926
7941
7940
6609
7939
970
971
972
973
974
975
6601
976
7932
6600
7931
6603
978
7934
6602
7933
979
7936
6604
7935
6607
7938
6606
7937
7950
6621
7952
7951
982
983
984
985
986
987
7943
988
6614
7944
6616
7947
6615
7949
7948
6632
5300
5301
990
991
992
993
994
995
997
6623
7953
6622
6624
6627
6626
6629
6628
6641
7972
6640
5310
6643
7974
5311
7973
5312
5302
5303
5304
6635
5305
5306
5307
5308
7981
7980
6652
7983
5320
7982
5321
6654
7985
5322
6653
5323
6645
7976
5313
7975
5314
10596
6647
7978
5315
6646
7977
5316
6649
5317
6648
7979
5318
5319
7990
6661
7992
6660
5330
5331
7994
6662
7993
5332
4002
7996
4003
6664
7995
5334
5324
6655
7986
5325
6658
7989
5326
7988
5327
6659
5329
6670
5340
5341
4011
6674
5342
5343
6676
5344
6675
5345
7998
5335
6666
7997
5336
6669
5337
10573
6668
7999
5338
5339
10577
5350
6683
5351
6682
5352
5353
5354
6687
5355
10581
5356
6686
10583
6678
5346
6677
5347
10582
5348
10587
10586
6692
6691
6694
4031
6693
4032
5364
6696
4033
4034
6695
6698
5366
5367
6690
11889
11881
6689
11880
11883
11882
4029
11885
11884
11886
4040
4041
4042
5373
5374
5375
4045
5376
11890
4046
5377
5378
5370
11899
11892
5368
11891
6699
4039
11896
11897
4051
5382
5383
4053
5384
5385
4054
4055
5386
4056
5387
4057
5388
4058
5389
5380
5381
4050
4048
5379
4049
4062
5393
5394
4063
4064
5395
4065
5396
4066
5397
4067
5398
5399
5390
5391
4061
5392
4073
4074
4075
4076
4077
4078
4079
4071
4072
4084
4085
4086
4087
4089
4080
4081
4082
1802
4096
4097
4098
4099
4090
4091
4092
4093
1810
1819
1833
1838
1837
1836
1835
1857
1856
1864
1869
1877
1876
1887
1884
1883
1881
1898
1897
10657
10659
10658
11980
11982
11981
11984
11983
10655
11985
10654
10668
10669
11991
10660
11990
10662
11992
10661
10664
10666
10665
11965
11968
11967
10639
11969
10638
11960
11962
11961
11964
11963
10645
11979
11978
10640
11970
11973
10642
11972
10641
10644
11974
10643
10613
10612
6707
10615
11946
10614
11945
10617
10616
11947
10619
10618
11949
10611
6706
10610
6705
6720
10624
6719
10623
11957
11956
11959
11958
6711
6713
6712
10620
10622
10621
6731
5400
11928
6722
6721
6724
6723
6726
6725
6727
6742
5410
5411
11929
5409
11935
11934
11937
11936
11939
11938
5401
5402
5403
5404
5405
5406
11931
5407
11930
5408
6751
5420
6750
6753
6752
5422
5412
6744
6743
5413
5414
6746
6745
5415
6748
6747
5417
5418
5419
6749
6760
6762
5430
6761
6764
5432
4102
5433
6763
5423
6755
5424
6754
5425
6757
5426
6756
6759
5427
6758
5429
6771
5440
6770
4110
6773
5441
4111
6772
5442
4112
6775
6774
4103
5434
6766
4104
5435
6765
4105
5436
6768
6767
5437
5438
4108
5439
6769
4109
4120
4121
4122
4123
5455
5445
4114
6777
4115
6776
5447
6779
5448
6778
4118
6791
6790
6793
4131
5462
6792
6795
6794
5464
4134
6797
4135
6796
5466
5456
6788
4125
6787
10695
4127
5459
10694
4128
4129
10696
10699
5470
4140
5471
5472
4141
5473
4142
5474
4143
5475
4144
4145
5476
4146
5477
6799
4136
5467
5468
4137
4138
5469
4139
4150
5482
4151
5483
4153
5484
4154
5485
4155
5486
5487
5488
5480
5478
4148
5479
4149
5492
4162
5493
4163
5494
4164
5495
4165
5496
4166
5497
4167
5498
4168
5499
5490
5491
4158
5489
4173
4175
4176
4177
4178
4179
4170
4171
4183
4184
4187
4188
4189
4180
4181
4182
1904
1902
1900
4197
4199
4190
1910
1918
1917
1929
1928
1927
1924
1923
1922
1931
1930
1939
1938
1937
1934
1940
1949
1948
1946
1945
1944
1951
1950
1957
1956
1964
1961
1968
11900
1975
1973
1978
11911
11913
1985
11912
1984
11915
11914
1982
1981
1980
1988
9003
1997
1991
10778
10777
10779
10772
10771
10774
10773
10776
10775
9072
10789
10788
10781
10780
10783
10782
10785
10787
10786
10756
6807
10755
6806
10758
6809
6808
10757
10759
10750
6801
6800
10752
6803
10751
6802
6805
10754
6804
10753
9098
10767
6818
10766
6817
10769
6819
10768
6810
10761
6812
10760
6811
10763
6814
10762
10765
6816
10764
6815
6830
6829
6828
10736
10735
10738
10737
10739
6821
6820
6823
6822
6825
6824
6827
6841
5510
10745
5508
10744
5509
6839
10747
10746
10748
5500
5501
6834
5502
6833
5503
10741
6836
5504
10740
5505
6835
10743
6838
5506
10742
6837
5507
6850
6852
5520
6851
5521
10709
10708
10712
5519
10711
10714
10713
10716
10715
10718
10717
6843
5511
6842
5512
6845
5513
6844
6847
5515
6846
5516
10710
5517
6849
6848
5518
6861
6860
5530
4200
5531
4201
6862
5532
10719
10723
10722
6854
5522
6853
5523
5524
6856
6855
5525
6858
5526
6857
5527
10721
5528
10720
6859
5529
6870
6872
5540
6871
4211
6874
6873
5543
6865
5533
6864
5534
4204
6867
5535
6866
4205
5536
4206
6869
5537
4207
6868
5538
5539
4209
6881
6880
5550
6883
4220
5551
4221
6882
5552
4222
6885
5554
4213
6876
5544
4214
5545
4215
6878
5546
4216
6877
4217
5548
4218
5549
4219
6890
5560
6892
4230
6891
5561
5562
6894
4231
6893
4233
6895
4234
4224
5555
6887
6886
5556
6889
5557
4227
5558
6888
4228
5559
4229
5570
4241
4242
4244
4245
6898
4236
6897
4237
4238
6899
4239
4250
5581
4251
5582
4252
5583
5584
5585
4254
5586
5587
4246
4247
5578
4248
5579
4249
4260
5591
5592
5593
5594
4264
5595
4265
5596
4266
5597
5598
5590
4257
5588
5589
4258
4259
4271
4272
4275
4276
4278
4270
10799
4268
10792
5599
10793
10796
10795
10798
10797
4284
4297
4298
10701
10700
10703
10702
10705
10704
10707
10706
9133
9138
9131
9132
9146
6906
10899
6905
10898
6908
6907
6909
10891
10890
10893
10892
10895
6901
10894
6904
10897
10896
6903
6917
6916
6919
6918
6911
6910
6913
6912
6915
6928
10877
6927
10876
10879
6929
10878
6920
10871
6922
6921
10870
6924
10873
6923
10872
6926
10875
10874
6940
6939
10888
10887
6938
5608
5609
10889
10880
6931
6930
5600
6933
10882
5601
6932
5602
10881
6935
10884
5603
6934
10883
5604
6937
10886
5605
6936
10885
5606
6951
6950
5620
10855
5618
6949
10854
10857
10856
10859
10858
5610
6942
6941
5611
6944
5612
6943
5613
10851
6946
5614
10850
6945
5615
10853
5616
6948
10852
6947
5617
6960
5630
6962
6961
5631
10866
5629
10865
10868
10867
10869
6953
5621
5622
5623
6955
10860
5624
6954
10862
6957
6956
10861
6959
10863
6958
5628
6971
6970
5640
4310
6973
5641
4311
6972
5642
10829
10833
4309
10832
10835
10834
10837
10836
10839
10838
6964
5632
4302
6963
5633
5634
4303
6966
4304
6965
5635
6968
5636
4306
6967
10831
4307
5638
10830
4308
6969
5639
6980
6982
5650
4320
6981
5651
5652
4321
6984
6983
4322
10844
10843
10846
10845
10848
10847
10849
6975
4312
5643
6974
4313
5644
6977
5645
4314
6976
4315
5646
6979
10840
4316
5647
6978
4317
5648
10842
5649
10841
6991
6990
4330
6993
6992
4331
6995
6994
6986
4323
4324
6985
6988
4325
4326
6987
6989
4329
5670
4341
4342
4344
3008
3005
6997
5665
4335
5666
6999
4336
4337
5668
4338
5669
4339
4350
4351
4353
4354
4355
3018
3017
4347
4348
4349
5690
4361
5692
4362
5693
4363
5694
4364
5696
5697
4357
4358
4359
4370
4371
4372
4373
4374
4375
4377
4367
4368
4381
4382
4383
4384
4385
4386
4387
4388
3055
3052
3047
4379
4393
4394
4397
4398
4399
3067
3065
4390
3061
4391
3058
4389
3069
3093
3090
3094
9202
10808
10807
10811
10810
10813
10815
10814
10816
9234
9235
9232
9233
9238
9239
9236
9237
9230
9231
10822
10821
10824
10823
10826
10825
10828
10827
9229
9240
9250
9251
10800
10806
10805
9274
5706
5707
5708
5709
5700
5701
5702
5703
5704
5705
5717
5718
5719
10990
5710
10992
5711
10991
5712
10994
5713
10993
5714
10996
5715
10995
5716
5728
5729
5720
5721
5722
5723
5724
5727
5740
5741
4410
10976
4408
4409
10975
10978
10977
10979
5731
4400
4401
4402
10970
4403
4404
10972
10971
4405
5737
4406
10974
5738
4407
10973
4420
5752
4421
4419
10987
10986
10988
5742
4411
5743
4412
4413
10981
10980
10983
10982
4416
4417
10985
5748
10984
4418
5749
4430
5762
4431
5763
4432
10954
10953
10956
10955
10958
10957
10959
5753
5754
4423
4424
5755
4425
10950
5758
4427
5759
10952
4429
10951
5770
5771
4440
5772
4442
5774
4443
10964
3107
3102
4433
5765
4434
5766
4435
4436
4437
5769
4438
10960
4439
5780
4450
5782
4451
4452
4444
4445
5777
4446
5778
4447
5779
4448
4449
5791
5792
5793
4462
5794
5795
4464
4465
5796
3127
5787
5788
4457
5789
4458
4470
4471
4472
4473
4474
4475
3139
4466
5799
4468
4469
4480
4481
4485
4486
4487
3155
3154
3153
3150
4477
4478
4479
4491
4492
4493
4494
4495
4496
4497
4498
3164
3163
4490
3159
3158
3170
3175
3168
3181
3188
3187
3190
3196
3194
8002
8003
8000
8001
8006
8007
8005
9328
9329
9342
8011
9343
9348
8017
8018
9349
8015
9346
8016
9347
9340
10932
10934
10933
10935
8024
8025
8022
8023
9359
8028
8029
9357
8026
9358
8027
8021
9350
10945
10944
10946
10949
10948
8036
9364
8037
8038
10907
10906
10909
10908
9362
8031
8032
9360
9361
8030
10910
10911
8046
8047
8044
9376
8045
8048
8049
9370
9373
8042
9374
8043
8041
9388
8058
9389
9387
8056
8050
8053
9384
8054
8051
9383
8069
9391
8060
8061
9390
8062
8063
10901
10900
10903
10902
10905
10904
8077
8078
8071
8072
8070
8075
8076
8073
8074
8089
8083
8080
8081
8087
5801
8093
8091
8092
8097
8096
5818
8090
5813
5815
5827
5828
5829
5820
5826
5838
5839
4508
4509
4500
4501
5832
4502
5833
5834
4503
5835
4504
4505
5837
4506
5850
5851
5849
4518
5841
4511
4512
4513
4514
5846
4515
5847
4516
5848
4517
5860
4530
5861
5862
4529
4521
5852
5853
4522
5855
4524
4525
4526
4527
5858
5859
4528
5871
5872
5873
4542
3207
3205
3203
3202
5863
4534
4535
5866
5867
4537
5868
4538
5869
4539
4550
5881
5882
4552
5883
4553
5884
3214
4543
4544
5875
4546
4547
5878
4548
4549
5890
4561
5893
4562
5894
4564
3233
3230
3228
3227
3225
3223
5885
4554
5886
4555
5887
4558
4559
4571
4572
4573
4574
3242
3239
3237
3236
4565
5898
4567
4568
4580
4581
4583
4585
4586
3253
3251
3250
3249
4576
4577
4578
4579
4590
4591
4594
4595
4596
4597
3265
3263
3262
4587
4588
4589
3277
3274
4598
4599
3280
3291
3299
3298
3296
3293
3292
9404
9407
9408
9405
9406
9421
9420
9418
9417
9433
8102
9430
9431
8100
8105
8106
9434
8103
8104
8112
9444
8111
9447
8116
9448
8114
9445
9446
8115
8109
8107
8108
8123
8121
8122
8127
9459
8128
8125
8126
8120
8135
9463
9464
8133
8138
8139
8136
8130
9461
9462
8131
9460
9476
8145
8146
9474
8143
8149
8147
9473
8142
9470
8140
9487
9488
8157
9485
8154
8155
8158
8159
9483
8152
9484
8153
8150
8167
8168
8165
8166
8169
8160
8163
8164
8162
8179
8171
8172
8189
8188
8181
8180
8186
8183
8184
5907
5909
5900
5902
8198
8199
8192
8191
8196
8197
8194
8195
5916
5913
5929
5920
5921
5924
4607
4608
4609
5931
4600
5933
4603
5934
5935
4605
5950
5948
4617
4618
4610
5943
5944
4613
5945
4615
4616
5960
4630
4628
5959
4629
4620
4622
5953
4623
5955
4624
5956
4625
5957
4626
4627
5971
4640
4641
3307
4639
3304
3303
3302
3301
4631
5962
5966
4635
4636
5968
4638
5982
4651
5983
4652
5973
4642
5974
4643
5975
4644
5976
4645
5977
5979
4648
5990
4660
5992
4661
5993
4662
5994
4663
3332
3331
3330
3327
3326
3325
5984
4653
5985
4654
5986
4655
4656
5988
4657
5989
4658
4659
4670
4671
4672
4673
4674
2012
2011
2010
2009
3336
2005
3335
3334
3333
4664
5996
4665
4666
4667
4680
4681
4682
4683
4685
3353
3352
3351
2018
3349
3348
2017
2016
3347
3346
3344
2013
4675
4676
4677
4678
4679
4690
4691
4692
4693
4694
4695
4696
3363
3360
2029
2028
3355
4686
4687
4688
4689
3376
3374
3373
3372
2041
2040
2039
3368
2036
3367
4698
4699
2055
2054
2053
3384
3383
3382
2050
2049
3378
2046
3377
3390
2067
3398
2066
3397
2063
3394
2062
3393
2061
3392
2060
2059
3388
2076
2075
2074
3399
2081
2089
2087
2084
2083
2079
2092
2097
2095
2094
2093
9502
12031
9503
12030
9501
12037
12039
12038
12040
12042
12041
9511
12044
12043
12046
12045
12048
9504
9505
12047
9521
12011
12015
12014
12017
12016
12019
12018
8200
8201
9535
12020
8204
8203
9534
12028
12027
12029
8211
8210
8215
9547
8213
8208
8209
8206
9537
9538
8222
8223
8220
8221
8226
8227
12000
9550
12009
12002
12001
12004
8217
9549
12003
8218
12006
12005
12007
8233
9564
9565
8231
9563
8232
9569
9566
8230
8228
8229
8245
9573
8242
9574
8243
9579
8248
8249
9577
8246
9578
8247
9571
9572
9570
8255
9586
9587
8256
9584
8253
9585
8254
8259
9588
8257
9589
8258
8251
9583
8252
9580
9581
8250
8266
8267
8265
8268
8269
9593
8262
8263
8260
8261
8277
12093
12092
8278
12095
8275
12094
8276
12097
12096
12099
8279
12098
8270
8273
12091
8271
8272
8288
8289
8286
8287
8280
8281
8284
8282
8283
12071
8299
12070
12073
8297
12072
8298
12075
12074
12077
12076
8291
8292
8290
8295
8296
8293
8294
12079
12078
12082
12081
12084
12083
12086
12085
12088
12087
12080
12051
12050
12052
12055
12054
4705
4706
4707
4708
4709
12057
12056
12059
12058
4700
4701
4702
4703
4704
12060
12062
12061
12063
4716
4717
4719
4710
4711
4712
4713
4714
4715
4729
4720
4722
4723
4724
3406
4739
3405
3404
3403
3402
3401
4730
4731
4734
4735
3409
4736
3408
3407
4737
4750
4751
3417
4749
3415
3414
3411
3410
4742
4743
4746
3419
4748
3418
4760
4762
3431
3430
3428
3427
3426
3423
3422
4752
4753
4755
4756
4757
4759
4770
4771
4772
4773
2111
3440
2106
2105
3435
3433
3432
2101
4763
4764
4765
4766
4767
4768
2109
4780
4782
4783
4784
3451
3450
2119
3449
2118
2117
2116
2115
3445
4774
4775
4776
4777
4790
4792
4794
4795
2131
2130
3460
3457
2126
2123
3454
4785
4786
4788
4789
3475
2144
3474
2143
2142
3472
3471
2140
3470
2139
3469
2138
3468
3466
2134
3465
4796
4798
2155
3486
3479
3478
2147
3477
3497
3493
3492
3490
12208
12207
12209
2159
2157
3488
3487
2156
12200
12202
12201
12204
12203
12206
12205
2177
2173
2171
2187
2186
2191
2190
2194
9600
9605
12150
12152
12151
12154
12153
9616
12156
12155
12158
9614
12157
12159
9630
8300
12161
12160
9634
12163
8303
9635
12162
12165
8301
12164
8302
9633
12167
12166
12169
12168
8310
9642
8311
9645
12130
8314
8315
9643
12132
12131
9644
8307
12134
8308
12133
9636
8305
12135
8306
12138
12137
8309
12139
9652
8321
9653
8322
9650
9651
8320
9656
12141
9657
12140
8326
12143
9654
8323
12142
9655
8324
9649
12145
8318
12144
8319
12147
9647
8316
9648
12146
8317
12149
12148
9663
8332
7000
9664
8333
9661
8330
7002
9662
8331
7001
8336
9667
9668
8337
9665
8334
12110
9666
8335
12112
12111
12114
8327
9658
9659
12113
8328
12116
12115
12118
12117
9674
8343
9675
8344
8341
9673
8342
9678
7015
8348
7014
9676
12121
7017
8345
9677
12120
7016
8346
9670
9671
8340
7008
12123
12122
12125
8338
12124
8339
12127
12126
12129
12128
7022
8354
9686
8355
7021
9683
8352
9684
8353
7023
9689
7026
8358
7025
8359
9687
7028
8356
9688
8357
7027
9681
8351
7020
7019
7018
8349
9696
8365
7033
9697
8366
7032
8363
7035
9695
7034
8364
8369
7037
7036
7039
9699
7038
8368
9692
8361
9693
8362
9690
7031
9691
8360
7030
12109
12108
12101
12100
7029
12103
12102
12105
12104
12107
12106
7044
7043
8374
8375
8372
8373
8370
7042
8371
7041
7055
7054
7057
7056
7059
7058
7051
7050
7053
7052
7066
7065
8399
7067
7069
7060
7061
7064
7063
7077
7076
7079
7078
7071
7070
7073
7072
7075
7074
12192
7088
12191
7087
12194
12193
7089
12196
12195
12198
12197
7080
7082
7081
7084
7083
12190
7086
4805
4806
4807
4808
4809
12199
4801
7099
7098
7091
7090
7093
7092
7095
7094
7097
7096
4815
4816
4818
4819
4810
4811
4812
4813
12170
12172
12171
12174
12173
12176
12175
4826
4828
4829
12178
12177
12179
4821
4822
4823
4824
4825
12181
12180
12183
12182
12185
12184
12187
12186
4838
4839
3503
3500
12189
12188
4830
4831
4832
4833
3508
4834
4835
3506
4850
3516
3511
3510
4840
4841
4842
3519
3517
4860
4861
3527
3525
3524
3520
4852
4853
4854
4855
4856
3529
4857
4858
3528
4870
4872
3537
3535
3534
4862
4863
4864
4865
4866
4867
4868
2208
4869
4880
4881
4882
4883
3550
2218
3548
2217
3544
4873
4874
4875
4876
4877
4878
4879
4891
4892
4893
4894
3561
2229
2228
2227
3558
3554
4884
4886
4888
4889
3572
3571
2239
4896
4897
4899
3584
3579
2246
2245
3575
3595
3594
3593
3592
2261
3591
3590
3588
12318
12317
12319
3598
12310
12312
12311
12314
12313
12316
12315
2281
12329
12328
12321
12320
12323
12322
12325
12324
12327
12326
12307
12306
12309
12308
12301
12300
12303
12302
12305
12304
9700
9701
9711
9712
9710
9704
9705
9702
9703
9709
9707
9715
9716
9714
9717
9718
8400
8410
12271
12270
12273
8413
12272
8414
12274
12277
9738
12276
12279
8405
8409
12280
12282
12281
12284
12283
8425
12286
12285
122
123
124
125
126
127
128
12288
129
12287
8418
12289
7101
8430
7100
9766
12251
8435
12250
8436
12253
8433
7105
7104
130
131
132
133
134
135
136
137
138
139
12255
12254
8429
12257
8426
12256
8427
12259
12258
7110
9774
12260
7112
8440
9772
8441
7111
12262
9777
7114
12261
7113
9775
12264
8444
7116
9776
12263
7115
141
142
143
144
145
146
147
148
149
12266
7107
8439
12265
7106
12268
7109
12267
7108
12269
7121
8453
8454
7120
9782
7123
9783
8452
7122
8457
7125
7124
12231
7126
12230
9780
150
151
152
153
154
155
156
157
158
159
12233
7118
12232
7117
9779
12235
12234
7119
12237
12236
12239
12238
8464
7132
8465
7131
8462
7134
7133
12240
7136
7135
12242
8466
7138
12241
7137
9798
160
161
162
8461
7130
163
167
169
12244
7129
12243
7128
12246
8459
12245
12248
12247
12249
7143
7142
8476
8473
7144
7147
7146
7149
8477
7148
170
171
172
173
174
7141
175
7140
12219
176
12218
177
178
179
12211
12213
12212
12215
12214
12217
12216
7154
8486
8487
7153
7156
8485
7155
7158
7157
12220
8489
7159
180
181
182
183
7150
8483
184
185
7152
186
7151
8481
187
12229
189
12222
12221
12224
12223
12226
12225
12228
12227
7165
8498
7164
8495
7167
7166
8496
7169
7168
8499
190
8490
191
192
193
8493
194
7161
195
7160
196
8491
7163
7162
8492
198
199
7176
7175
7178
7177
7179
7170
7172
7171
7174
7173
7187
7186
7189
7188
7180
7183
7182
7185
7184
4904
4905
4906
4908
4909
4900
4901
7198
7197
7199
7190
7192
7191
7194
7196
7195
4914
4915
4916
4917
4918
4910
4911
4913
4925
4926
4927
4928
4920
4921
4922
4923
4924
4936
4937
4938
4939
3601
4930
4931
3608
4933
4934
4935
3605
12291
12290
12293
12292
12295
12294
12297
12296
3615
4947
3614
4949
12299
12298
4940
4942
3619
4943
4944
4945
4946
4960
4958
3623
3622
3621
3620
4950
4951
4952
4953
4954
3629
4955
4957
3627