2301026
2298690
2297082
2297080
2301149
2296430
2297200
2298730
2299148
2297124
2298255
2298572
2297560
2296799
2296954
2296511
2296555
2296710
2298337
2297172
2298501
2298622
2298149
2298544
2296444
2298464
2299155
2304167
2304243
2295317
2298508
2298506
2298825
2298549
2298504
2296721
2298470
2301206
2298633
2298831
2298599
2296895
2296496
2298477
2298433
2297102
2298476
2298672
2297340
2298717
2296779
2298517
2298879
2298636
2298712
2296896
2298678
2296534
2243426
2304304
2299171
2298523
2298685
2297157
2296461
2299254
2296947
2298606
2296823
2298605
2298726
2298208
2298724
2298524